### CODE
let res = '';
for (const f of ['02in10ira.xls','01in05ira.xls','00in05ir.xls']) { res += await window.__grabData('https://www.irs.gov/pub/irs-soi/' + f, false); }
res.replace(/\.{3,}/g,'')

### RESULT
"### 02in10ira.xls SHEET 02in10ira\nTable 10.--Individual Retirement Arrangement (IRA) Plans, by Age of Taxpayer, Tax Year 2002\n[All figures are estimates based on samples--money amounts are in thousands of dollars]\nAge|All taxpayers|||Returns of taxpayers with IRA coverage (from Form 5498)\n|Total|With pension coverage on Form W-2 [1]|Eligible to make IRA contributions|Beginning of year FMV [2]||Total contributions||Contributions deductible on Form 1040\n||coverage on Form W-2|IRA contributions|Number of taxpayers|Amount|Number of taxpayers|Amount|Number of taxpayers|Amount\n|(1)|(2)|(3)|(4)|(5)|(6)|(7)|(8)|(9)\nAll taxpayers, total.|181,365,171|61,770,158|142,457,495|48,404,401|2,619,376,420|14,613,507|42,297,246|4,323,155|14,757,556\nUnder 15|817,917|8,013|169,676|81,384|663,114|54,340|99,794|2,953|4,007\n15 under 20|7,625,686|497,486|7,131,474|184,311|429,272|145,062|240,358|34,633|33,560\n20 under 25|15,796,070|3,761,081|14,789,578|744,709|2,045,708|572,155|888,501|118,042|162,828\n25 under 30|16,235,359|6,185,557|14,560,735|1,769,856|8,079,584|995,057|1,847,193|159,198|287,049\n30 under 35|18,314,762|7,631,434|16,109,667|3,055,356|27,113,127|1,424,621|3,310,479|259,865|622,208\n35 under 40|19,460,125|8,320,933|17,116,645|4,146,167|63,931,898|1,617,137|4,321,663|356,314|948,660\n40 under 45|20,492,400|8,877,129|18,072,945|5,232,902|133,421,303|1,928,245|5,468,887|488,344|1,650,329\n45 under 50|19,423,142|9,051,506|17,151,424|6,121,680|215,732,675|2,094,881|6,585,847|603,845|2,257,063\n50 under 55|16,543,783|7,795,422|14,145,098|6,107,733|292,165,708|2,095,077|7,088,401|699,193|2,578,794\n55 under 60|13,492,548|5,467,563|10,800,993|5,648,689|363,760,901|1,786,129|6,254,326|726,969|2,455,096\n60 under 65|10,018,987|2,827,966|6,641,816|4,802,443|426,330,616|1,213,161|3,933,185|534,237|2,098,246\n65 under 70|7,235,763|895,115|3,144,052|3,739,825|386,638,504|549,067|1,791,815|286,921|1,204,597\n70 under 75|6,001,537|290,968|1,538,577|3,163,929|420,967,627|112,558|363,346|27,569|267,727\n75 under 80|4,661,918|111,793|686,324|2,290,025|202,389,963|19,530|75,776|4,804|22,446\n80 and over|5,245,174|48,192|398,491|1,315,392|75,706,422|6,485|27,666|5,386|9,726\nAge|Returns of taxpayers with IRA coverage (from Form 5498)--Continued\n|Rollovers||Roth conversions||Withdrawals [3]||Return on|End of year FMV\n|Number of taxpayers|Amount|Number of taxpayers|Amount|Number of taxpayers|Amount| investment [4]|Number of taxpayers|Amount\n|(10)|(11)|(12)|(13)|(14)|(15)|(16)|(17)|(18)\nAll taxpayers, total|3,989,390|204,395,870|239,027|3,257,891|11,479,310|123,336,726|-210,008,306|49,907,974|2,532,724,504\nUnder 15|--|--|958|831|13,049|113,233|-97,073|93,077|552,602\n15 under 20|--|--|958|14,404|13,773|57,348|-43,380|247,838|568,902\n20 under 25|60,774|153,848|16,684|50,345|63,376|160,761|-370,281|968,053|2,557,015\n25 under 30|208,221|989,432|13,996|37,975|172,879|645,784|-1,891,223|2,035,647|8,379,202\n30 under 35|346,258|3,991,666|23,549|128,655|322,928|1,615,920|-4,083,505|3,347,768|28,715,847\n35 under 40|398,229|7,514,891|25,896|203,352|441,285|2,792,829|-11,983,165|4,409,185|60,992,458\n40 under 45|458,087|10,869,222|23,064|388,800|445,868|4,737,862|-21,147,347|5,538,885|123,874,203\n45 under 50|478,242|17,977,992|30,106|420,942|538,082|5,951,652|-32,379,111|6,256,480|201,965,751\n50 under 55|450,612|28,473,116|32,635|439,597|587,670|8,561,935|-27,259,368|6,269,258|291,905,922\n55 under 60|551,620|40,146,976|23,616|557,709|623,962|12,722,702|-2,491,058|5,818,275|394,948,443\n60 under 65|447,588|49,604,064|26,960|513,507|1,034,988|18,142,759|-14,774,076|4,864,882|446,951,030\n65 under 70|290,005|23,038,841|13,984|439,525|1,048,204|18,953,841|-29,741,548|3,711,951|362,773,771\n70 under 75|182,438|14,028,607|6,467|61,011|2,756,513|25,962,418|-38,751,650|3,006,773|370,645,512\n75 under 80|80,814|5,221,341|152|1,240|2,197,933|15,707,220|-17,403,010|2,165,503|174,576,850\n80 and over|36,502|2,385,651|--|--|1,218,801|7,210,460|-7,592,284|1,174,398|63,316,995\n### 02in10ira.xls SHEET Sheet2\n\n### 02in10ira.xls SHEET Sheet3\n\n### 01in05ira.xls SHEET 01in05ira\nTable 5.--Individual Retirement Arrangement (IRA) Plans, by Age of Taxpayer, Tax Year 2001\n[All figures are estimates based on samples--money amounts are in thousands of dollars]\n||All taxpayers||||Returns of taxpayers with IRA coverage (from Form 5498)\nAge|Total|With pension coverage|Eligible to make|            Beginning of year FMV [2]||                   Total contributions||      Contributions deductible on Form 1040\n||on Form W-2 [1]|IRA contributions|Number of taxpayers|Amount|Number of taxpayers|Amount|Number of taxpayers|Amount\n|(1)|(2)|(3)|(4)|(5)|(6)|(7)|(8)|(9)\nAll taxpayers, total|181,277,678|62,269,367|143,247,102|46,321,802|2,631,165,051|15,223,996|35,747,421|5,031,660|11,857,670\nUnder 15|1,141,133|13,850|146,338|133,235|269,674|47,818|54,522|970|203\n15 under 20|8,469,880|598,767|5,545,017|88,121|218,457|183,557|241,747|9,527|17,294\n20 under 25|15,744,647|3,702,216|14,615,454|455,429|1,348,245|605,385|884,889|60,483|99,241\n25 under 30|16,312,551|6,424,690|14,594,772|1,296,862|5,164,190|1,160,500|1,869,154|158,422|260,254\n30 under 35|18,480,195|7,820,498|16,174,286|2,576,776|19,879,454|1,597,673|3,247,440|266,244|493,721\n35 under 40|19,903,884|8,716,521|17,282,937|3,619,191|54,768,347|1,790,776|4,101,764|405,290|877,337\n40 under 45|20,446,031|9,124,533|18,105,130|4,837,001|138,364,242|2,037,582|5,180,836|540,954|1,373,320\n45 under 50|19,118,718|8,968,458|17,427,101|5,797,320|209,718,844|2,116,059|5,566,059|717,039|1,838,399\n50 under 55|16,314,243|7,616,251|14,415,974|5,690,803|279,845,077|2,111,875|5,669,462|780,112|2,021,533\n55 under 60|12,788,019|5,240,644|11,028,529|5,482,893|352,298,629|1,751,129|4,537,942|743,864|1,866,905\n60 under 65|9,501,183|2,633,688|7,187,238|4,861,340|416,415,523|1,157,058|2,740,405|726,044|1,631,809\n65 under 70|7,227,655|904,669|3,565,458|3,996,668|424,060,970|554,633|1,364,179|428,376|960,139\n70 under 75………|6,044,178|316,195|1,810,703|3,281,388|376,506,100|89,750|234,309|174,579|362,743\n75 under 80|4,650,733|130,960|863,157|2,555,343|252,452,787|15,046|41,380|18,653|39,812\n80 and over|5,134,628|57,428|485,008|1,649,431|99,854,512|5,154|13,333|323|2,090\n|||||Returns of taxpayers with IRA coverage (from Form 5498)--Continued\nAge|Rollovers||Roth conversions||Withdrawals [3]||Return on|End of year FMV\n|Number of taxpayers|Amount|Number of taxpayers|Amount|Number of taxpayers|Amount|investment [4]|Number of taxpayers|Amount\n|(10)|(11)|(12)|(13)|(14)|(15)|(16)|(17)|(18)\nAll taxpayers, total|3,872,587|187,799,333|255,062|3,052,037|10,440,978|114,696,049|-120,639,336|48,404,401|2,619,376,420\nUnder 15|--|--|--|--|9,591|98,755|494,612|93,830|720,053\n15 under 20|961|14|1,702|4,977|9,472|55,067|179,299|286,400|584,450\n20 under 25|37,976|108,541|4,564|15,466|42,138|93,066|526,728|867,879|2,775,337\n25 under 30|247,143|1,416,272|26,922|68,032|142,743|440,462|2,739,897|2,031,435|10,749,051\n30 under 35|379,630|5,036,717|28,157|244,891|256,152|1,466,749|4,921,185|3,279,661|31,618,047\n35 under 40|404,825|8,499,226|32,492|304,872|337,699|3,281,101|11,503,222|4,398,262|75,591,458\n40 under 45|498,208|15,776,307|32,577|434,073|403,759|4,522,628|-1,203,459|5,509,031|153,595,298\n45 under 50|504,016|20,712,510|29,810|226,535|439,349|5,169,928|-4,296,522|6,106,377|226,530,963\n50 under 55|492,606|23,614,146|31,443|479,126|453,986|5,888,214|9,624,923|6,128,152|312,865,394\n55 under 60|451,456|36,456,374|26,245|495,746|535,970|10,252,227|3,693,673|5,466,028|386,734,391\n60 under 65|376,389|37,845,867|23,428|382,112|968,070|20,450,818|-23,873,110|4,557,971|412,677,867\n65 under 70|248,202|22,799,369|11,590|328,191|1,022,360|16,429,204|-45,890,513|3,608,550|385,904,801\n70 under 75|144,679|11,431,550|1,915|16,235|2,711,942|24,888,803|34,164,751|3,025,453|397,447,907\n75 under 80|55,121|2,539,845|4,217|51,781|2,088,408|14,626,746|-74,544,072|2,059,286|165,863,194\n80 and over|31,375|1,562,596|--|--|1,019,337|7,032,278|-38,679,953|986,086|55,718,210\n### 00in05ir.xls SHEET Sheet1\nTable 5.--Taxpayers with Individual Retirement Arrangement (IRA) Plans, by Age of Taxpayer, Tax Year\n2000\n[All figures are estimates based on samples--money amounts are in thousands of dollars]\n||All taxpayers||||Taxpayers with IRA coverage reported on Form 5498\nAge|Total|With pension coverage|Eligible to make|         Beginning-of-year fair market value [2]||                                  Total contributions||            Contributions deductible on Form 1040\n||on W-2 [1]|IRA contributions|Number of taxpayers|Amount|Number of taxpayers|Amount|Number of taxpayers|Amount\n|(1)|(2)|(3)|(4)|(5)|(6)|(7)|(8)|(9)\nAll taxpayers|179,641,749|67,983,185|159,948,774|43,063,085|2,651,203,108|15,124,668|36,484,610|5,666,819|12,300,317\nUnder 15|1,579,059|627,629|254,224|109,782|415,907|127,301|99,457|39,526|50,949\n15 under 20|8,862,044|4,001,278|8,479,956|140,972|391,562|201,200|288,869|77,785|95,070\n20 under 25|15,548,104|7,207,620|15,385,298|563,285|2,203,895|627,298|947,449|162,483|247,593\n25 under 30|16,583,549|8,883,438|16,457,783|1,474,451|9,580,805|1,186,231|2,014,925|359,416|668,771\n30 under 35|18,687,699|9,553,545|18,540,977|2,725,963|31,690,137|1,635,368|3,421,374|527,349|1,120,938\n35 under 40|19,922,846|10,207,699|19,690,933|3,835,861|85,171,864|1,752,903|4,096,282|736,566|1,779,712\n40 under 45|20,403,271|9,674,296|20,182,546|4,926,363|167,608,984|2,043,507|5,362,834|892,566|2,121,446\n45 under 50|18,368,613|8,151,035|18,057,044|5,311,106|241,256,148|2,150,418|5,932,029|849,502|2,002,903\n50 under 55|15,710,818|5,417,062|15,267,988|5,310,733|321,334,647|2,030,214|5,705,171|871,539|1,952,834\n55 under 60|12,074,760|2,804,104|11,366,598|4,874,416|382,990,161|1,683,923|4,413,833|712,262|1,397,975\n60 under 65|9,220,687|940,082|7,645,897|4,248,314|434,886,271|1,025,350|2,581,150|396,411|749,973\n65 under 70|7,068,721|342,467|4,415,093|3,659,709|410,135,387|522,447|1,242,157|38,038|97,735\n70 under 75|6,079,200|121,605|2,452,438|3,066,420|348,546,024|102,723|269,853|3,377|14,419\n75 under 80|4,655,149|35,606|1,191,032|1,982,562|164,487,682|26,216|78,787|--|--\n80 and over|4,877,230|15,719|560,967|833,148|50,503,635|9,570|30,440|--|--\n|Taxpayers with IRA coverage reported on Form 5498--continued\nAge|Rollovers||Roth conversions||Withdrawals [3]||Investment returns [4]|Yearend fair market value\n|Number of taxpayers|Amount|Number of taxpayers|Amount|Number of taxpayers|Amount|Amount|Number of taxpayers|Amount\n|(10)|(11)|(12)|(13)|(14)|(15)|(16)|(17)|(18)\nAll taxpayers|4,079,197|225,636,922|282,387|3,181,178|9,424,374|106,294,344|-177,721,230|46,270,141|2,629,309,067\nUnder 15|--|--|--|--|7,535|11,961|-183,871|163,819|319,532\n15 under 20|35,579|176,816|18,380|136,085|39,432|49,119|-271,604|221,446|536,525\n20 under 25|256,415|1,679,331|37,332|208,334|111,948|323,879|-1,632,096|835,227|2,874,699\n25 under 30|384,749|5,478,747|41,843|136,566|242,403|1,306,837|-5,014,026|1,969,437|10,753,613\n30 under 35|474,721|13,385,572|40,335|427,606|287,453|2,397,003|-12,133,729|3,216,223|33,966,351\n35 under 40|488,891|18,522,357|22,679|214,924|295,520|3,676,946|446,067|4,257,152|104,559,624\n40 under 45|482,608|23,416,358|30,083|280,080|335,457|4,940,004|-25,769,256|5,420,337|165,678,916\n45 under 50|465,470|27,925,886|40,661|476,084|320,246|5,504,702|-24,592,635|5,796,964|245,016,726\n50 under 55|485,921|44,901,778|19,220|267,064|349,865|6,263,701|-43,338,614|5,705,589|322,339,281\n55 under 60|447,186|44,230,589|12,787|285,579|952,980|19,474,646|-34,285,011|5,116,790|377,874,926\n60 under 65|292,595|26,744,140|12,254|455,135|1,023,274|15,745,920|-13,041,173|4,313,016|435,424,467\n65 under 70|168,254|14,112,684|6,190|243,587|2,737,694|25,914,890|944,971|3,569,989|400,520,309\n70 under 75|63,333|3,178,212|383|44,639|1,914,267|14,684,607|-5,365,231|3,002,632|331,944,250\n75 under 80|26,005|1,194,726|238|5,496|700,320|4,858,765|-8,621,033|1,910,843|152,281,396\n80 and over|7,472|689,726|--|--|105,984|1,141,362|-4,863,987|770,678|45,218,452\n"

(captured at origin https://irs.gov)


Tab Context:
- Executed on tabId: seed
- Available tabs:
  • tabId seed: "SOI Tax Stats Accumulation and Distribution of Individual Retirement Arrangements | Internal Revenue Service" ("https://www.irs.gov/statistics/soi-tax-stats-accumulation-and-distribution-of-individual-retirement-arrangements")